# ASCII Text Object file created from the model WarpPipe.fbx
# 2015-12-12 | 21:31:41
# Made by Alberto Bobadilla (labigm@rit.edu)
Version: 1.0

Materials: 1
	lambert1
		Diffuse: 1 1 1
		DiffuseMap: 37_BrightGreen.png
		NormalMap: NULL
		SpecularMap: NULL

Frames: 19

Groups: 2
	#Name -> Parent
	#HP Visible Collidable pivotX pivotY pivotZ ShapeCount
		#Name MaterialName VertexCount
		#(Vertex, UV, Color, Normal, Tangent, Binormal)
	#KeyFrames: #
		#N, V, Tx, Ty, Tz, Rx, Ry, Rz, Sx, Sy, Sz
	PipeBase -> NULL  //G:0
	1 1 1 0 0 0 1
		lambert1 480
		0.8571 2.317 0 1 0.998 1 1 1 -1 0 0 0 -0.9935 -0.1136 0 -0.1136 0.9935
		0.8152 0 -0.2649 1.1 0 1 1 1 -0.9511 0 0.3089 -0.03508 -0.9935 -0.108 0 -0.1136 0.9935
		0.8571 0 0 1 0 1 1 1 -1 0 0 0 -0.9935 -0.1136 0 -0.1136 0.9935
		0.8152 0 -0.2649 1.1 0 1 1 1 -0.9511 0 0.3089 0.03508 0.9935 0.108 -0.3069 0.1136 -0.945
		0.8571 2.317 0 1 0.998 1 1 1 -1 0 0 0 0.9935 0.1136 -0.3069 0.1136 -0.945
		0.8152 2.317 -0.2649 1.1 0.998 1 1 1 -0.9517 0 0.307 0.03488 0.9935 0.1081 -0.3069 0.1136 -0.945
		0.8152 0 -0.2649 1.1 0 1 1 1 -0.9511 0 0.3089 -0.03523 0.9935 -0.1085 -0.3068 -0.1141 -0.9449
		0.6934 2.307 -0.5038 1.2 0.998 1 1 1 -0.8102 0 0.5861 -0.06689 0.9935 -0.09246 -0.3068 -0.1141 -0.9449
		0.6934 0 -0.5038 1.2 0 1 1 1 -0.8091 0 0.5876 -0.06704 0.9935 -0.09231 -0.3068 -0.1141 -0.9449
		0.6934 2.307 -0.5038 1.2 0.998 1 1 1 -0.8102 0 0.5861 0.06689 -0.9935 0.09246 0.5823 0.1141 0.8049
		0.8152 0 -0.2649 1.1 0 1 1 1 -0.9511 0 0.3089 0.03523 -0.9935 0.1085 0.5823 0.1141 0.8049
		0.8152 2.317 -0.2649 1.1 0.998 1 1 1 -0.9517 0 0.307 0.03501 -0.9935 0.1085 0.5823 0.1141 0.8049
		0.6934 0 -0.5038 1.2 0 1 1 1 -0.8091 0 0.5876 -0.06704 0.9935 -0.0923 -0.5838 -0.1141 -0.8038
		0.5038 2.307 -0.6934 1.3 0.998 1 1 1 -0.5878 0 0.809 -0.09229 0.9935 -0.06706 -0.5838 -0.1141 -0.8038
		0.5038 0 -0.6934 1.3 0 1 1 1 -0.5878 0 0.809 -0.09229 0.9935 -0.06706 -0.5838 -0.1141 -0.8038
		0.5038 2.307 -0.6934 1.3 0.998 1 1 1 -0.5878 0 0.809 0.09229 -0.9935 0.06706 0.8037 0.1141 0.5839
		0.6934 0 -0.5038 1.2 0 1 1 1 -0.8091 0 0.5876 0.06704 -0.9935 0.0923 0.8037 0.1141 0.5839
		0.6934 2.307 -0.5038 1.2 0.998 1 1 1 -0.8102 0 0.5861 0.06684 -0.9935 0.0924 0.8037 0.1141 0.5839
		0.2649 2.307 -0.8152 1.4 0.998 1 1 1 -0.3071 0 0.9517 0 -1 0 0.9517 0 0.3071
		0.2649 0 -0.8152 1.4 0 1 1 1 -0.3089 0 0.9511 0 -1 0 0.9517 0 0.3071
		0.5038 2.307 -0.6934 1.3 0.998 1 1 1 -0.5878 0 0.809 0 -1 0 0.9517 0 0.3071
		0.5038 2.307 -0.6934 1.3 0.998 1 1 1 -0.5878 0 0.809 -0.09229 -0.9935 -0.06706 0.8037 -0.1141 0.5839
		0.2649 0 -0.8152 1.4 0 1 1 1 -0.3089 0 0.9511 -0.1085 -0.9935 -0.03523 0.8037 -0.1141 0.5839
		0.5038 0 -0.6934 1.3 0 1 1 1 -0.5878 0 0.809 -0.09229 -0.9935 -0.06706 0.8037 -0.1141 0.5839
		0 2.317 -0.8571 1.5 0.998 1 1 1 0.002104 0 1 0 -1 0 1 0 -0.002104
		0 0 -0.8571 1.5 0 1 1 1 0.0001732 0 1 0 -1 0 1 0 -0.002104
		0.2649 2.307 -0.8152 1.4 0.998 1 1 1 -0.3071 0 0.9517 0 -1 0 1 0 -0.002104
		0.2649 2.307 -0.8152 1.4 0.998 1 1 1 -0.3071 0 0.9517 -0.1086 -0.9935 -0.03504 0.9455 -0.1141 0.3051
		0 0 -0.8571 1.5 0 1 1 1 0.0001732 0 1 -0.1141 -0.9935 0 0.9455 -0.1141 0.3051
		0.2649 0 -0.8152 1.4 0 1 1 1 -0.3089 0 0.9511 -0.1085 -0.9935 -0.03524 0.9455 -0.1141 0.3051
		-0.2649 2.317 -0.8152 -0.4 0.998 1 1 1 0.309 0 0.9511 0 -1 0 0.9511 0 -0.309
		-0.2649 0 -0.8152 -0.4 0 1 1 1 0.309 0 0.9511 0 -1 0 0.9511 0 -0.309
		0 2.317 -0.8571 -0.5 0.998 1 1 1 0.002104 0 1 0 -1 0 0.9511 0 -0.309
		0 2.317 -0.8571 -0.5 0.998 1 1 1 0.002104 0 1 -0.1136 -0.9935 0.0002391 0.9935 -0.1136 -0.00209
		-0.2649 0 -0.8152 -0.4 0 1 1 1 0.309 0 0.9511 -0.108 -0.9935 0.0351 0.9935 -0.1136 -0.00209
		0 0 -0.8571 -0.5 0 1 1 1 0.0001732 0 1 -0.1136 -0.9935 0 0.9935 -0.1136 -0.00209
		-0.5038 2.317 -0.6934 -0.3 0.998 1 1 1 0.5878 0 0.809 0 -1 0 0.809 0 -0.5878
		-0.5038 0 -0.6934 -0.3 0 1 1 1 0.5878 0 0.809 0 -1 0 0.809 0 -0.5878
		-0.2649 2.317 -0.8152 -0.4 0.998 1 1 1 0.309 0 0.9511 0 -1 0 0.809 0 -0.5878
		-0.2649 2.317 -0.8152 -0.4 0.998 1 1 1 0.309 0 0.9511 -0.108 -0.9935 0.0351 0.9449 -0.1136 -0.307
		-0.5038 0 -0.6934 -0.3 0 1 1 1 0.5878 0 0.809 -0.09189 -0.9935 0.06677 0.9449 -0.1136 -0.307
		-0.2649 0 -0.8152 -0.4 0 1 1 1 0.309 0 0.9511 -0.108 -0.9935 0.0351 0.9449 -0.1136 -0.307
		-0.6934 2.317 -0.5038 -0.2 0.998 1 1 1 0.809 0 0.5878 0 -1 0 0.5878 0 -0.809
		-0.6934 0 -0.5038 -0.2 0 1 1 1 0.809 0 0.5878 0 -1 0 0.5878 0 -0.809
		-0.5038 2.317 -0.6934 -0.3 0.998 1 1 1 0.5878 0 0.809 0 -1 0 0.5878 0 -0.809
		-0.5038 2.317 -0.6934 -0.3 0.998 1 1 1 0.5878 0 0.809 -0.09189 -0.9935 0.06677 0.8038 -0.1136 -0.584
		-0.6934 0 -0.5038 -0.2 0 1 1 1 0.809 0 0.5878 -0.06677 -0.9935 0.09189 0.8038 -0.1136 -0.584
		-0.5038 0 -0.6934 -0.3 0 1 1 1 0.5878 0 0.809 -0.09189 -0.9935 0.06677 0.8038 -0.1136 -0.584
		-0.6934 0 -0.5038 -0.2 0 1 1 1 0.809 0 0.5878 0 1 0 -0.5878 0 0.809
		-0.6934 2.317 -0.5038 -0.2 0.998 1 1 1 0.809 0 0.5878 0 1 0 -0.5878 0 0.809
		-0.8152 0 -0.2649 -0.1 0 1 1 1 0.9511 0 0.309 0 1 0 -0.5878 0 0.809
		-0.8152 2.317 -0.2649 -0.1 0.998 1 1 1 0.9511 0 0.309 0 -1 0 0.309 0 -0.9511
		-0.8152 0 -0.2649 -0.1 0 1 1 1 0.9511 0 0.309 0 -1 0 0.309 0 -0.9511
		-0.6934 2.317 -0.5038 -0.2 0.998 1 1 1 0.809 0 0.5878 0 -1 0 0.309 0 -0.9511
		-0.8152 0 -0.2649 -0.1 0 1 1 1 0.9511 0 0.309 0 1 0 -0.309 0 0.9511
		-0.8152 2.317 -0.2649 -0.1 0.998 1 1 1 0.9511 0 0.309 0 1 0 -0.309 0 0.9511
		-0.8571 0 0 0 0 1 1 1 1 0 0 0 1 0 -0.309 0 0.9511
		-0.8571 2.317 0 0 0.998 1 1 1 1 0 0 0 -1 0 0 0 -1
		-0.8571 0 0 0 0 1 1 1 1 0 0 0 -1 0 0 0 -1
		-0.8152 2.317 -0.2649 -0.1 0.998 1 1 1 0.9511 0 0.309 0 -1 0 0 0 -1
		-0.8571 0 0 0 0 1 1 1 1 0 0 0 1 0 0 0 1
		-0.8571 2.317 0 0 0.998 1 1 1 1 0 0 0 1 0 0 0 1
		-0.8152 0 0.2649 0.1 0 1 1 1 0.9511 0 -0.309 0 1 0 0 0 1
		-0.8152 2.317 0.2649 0.1 0.998 1 1 1 0.9511 0 -0.309 0 -1 0 -0.309 0 -0.9511
		-0.8152 0 0.2649 0.1 0 1 1 1 0.9511 0 -0.309 0 -1 0 -0.309 0 -0.9511
		-0.8571 2.317 0 0 0.998 1 1 1 1 0 0 0 -1 0 -0.309 0 -0.9511
		-0.8152 0 0.2649 0.1 0 1 1 1 0.9511 0 -0.309 0.0351 0.9935 0.108 0.307 -0.1136 0.9449
		-0.6934 2.317 0.5038 0.2 0.998 1 1 1 0.809 0 -0.5878 0.06677 0.9935 0.09189 0.307 -0.1136 0.9449
		-0.6934 0 0.5038 0.2 0 1 1 1 0.809 0 -0.5878 0.06677 0.9935 0.09189 0.307 -0.1136 0.9449
		-0.6934 2.317 0.5038 0.2 0.998 1 1 1 0.809 0 -0.5878 -0.06677 -0.9935 -0.09189 -0.584 0.1136 -0.8038
		-0.8152 0 0.2649 0.1 0 1 1 1 0.9511 0 -0.309 -0.0351 -0.9935 -0.108 -0.584 0.1136 -0.8038
		-0.8152 2.317 0.2649 0.1 0.998 1 1 1 0.9511 0 -0.309 -0.0351 -0.9935 -0.108 -0.584 0.1136 -0.8038
		-0.6934 0 0.5038 0.2 0 1 1 1 0.809 0 -0.5878 0.06677 0.9935 0.09189 0.584 -0.1136 0.8038
		-0.5038 2.317 0.6934 0.3 0.998 1 1 1 0.5878 0 -0.809 0.09189 0.9935 0.06677 0.584 -0.1136 0.8038
		-0.5038 0 0.6934 0.3 0 1 1 1 0.5878 0 -0.809 0.09189 0.9935 0.06677 0.584 -0.1136 0.8038
		-0.5038 2.317 0.6934 0.3 0.998 1 1 1 0.5878 0 -0.809 -0.09189 -0.9935 -0.06677 -0.8038 0.1136 -0.584
		-0.6934 0 0.5038 0.2 0 1 1 1 0.809 0 -0.5878 -0.06677 -0.9935 -0.09189 -0.8038 0.1136 -0.584
		-0.6934 2.317 0.5038 0.2 0.998 1 1 1 0.809 0 -0.5878 -0.06677 -0.9935 -0.09189 -0.8038 0.1136 -0.584
		-0.5038 0 0.6934 0.3 0 1 1 1 0.5878 0 -0.809 0 1 0 0.809 0 0.5878
		-0.5038 2.317 0.6934 0.3 0.998 1 1 1 0.5878 0 -0.809 0 1 0 0.809 0 0.5878
		-0.2649 0 0.8152 0.4 0 1 1 1 0.309 0 -0.9511 0 1 0 0.809 0 0.5878
		-0.2649 0 0.8152 0.4 0 1 1 1 0.309 0 -0.9511 -0.108 0.9935 -0.0351 0.9449 0.1136 0.307
		-0.5038 2.317 0.6934 0.3 0.998 1 1 1 0.5878 0 -0.809 -0.09189 0.9935 -0.06677 0.9449 0.1136 0.307
		-0.2649 2.317 0.8152 0.4 0.998 1 1 1 0.309 0 -0.9511 -0.108 0.9935 -0.0351 0.9449 0.1136 0.307
		-0.2649 0 0.8152 0.4 0 1 1 1 0.309 0 -0.9511 0 1 0 0.9511 0 0.309
		-0.2649 2.317 0.8152 0.4 0.998 1 1 1 0.309 0 -0.9511 0 1 0 0.9511 0 0.309
		0 0 0.8571 0.5 0 1 1 1 0 0 -1 0 1 0 0.9511 0 0.309
		0 0 0.8571 0.5 0 1 1 1 0 0 -1 -0.1136 0.9935 0 0.9935 0.1136 0
		-0.2649 2.317 0.8152 0.4 0.998 1 1 1 0.309 0 -0.9511 -0.108 0.9935 -0.0351 0.9935 0.1136 0
		0 2.317 0.8571 0.5 0.998 1 1 1 0 0 -1 -0.1136 0.9935 0 0.9935 0.1136 0
		0 0 0.8571 0.5 0 1 1 1 0 0 -1 0 1 0 1 0 0
		0 2.317 0.8571 0.5 0.998 1 1 1 0 0 -1 0 1 0 1 0 0
		0.2649 0 0.8152 0.6 0 1 1 1 -0.309 0 -0.9511 0 1 0 1 0 0
		0.2649 0 0.8152 0.6 0 1 1 1 -0.309 0 -0.9511 -0.108 0.9935 0.0351 0.9449 0.1136 -0.307
		0 2.317 0.8571 0.5 0.998 1 1 1 0 0 -1 -0.1136 0.9935 0 0.9449 0.1136 -0.307
		0.2649 2.317 0.8152 0.6 0.998 1 1 1 -0.309 0 -0.9511 -0.108 0.9935 0.0351 0.9449 0.1136 -0.307
		0.2649 0 0.8152 0.6 0 1 1 1 -0.309 0 -0.9511 0 1 0 0.9511 0 -0.309
		0.2649 2.317 0.8152 0.6 0.998 1 1 1 -0.309 0 -0.9511 0 1 0 0.9511 0 -0.309
		0.5038 0 0.6934 0.7 0 1 1 1 -0.5878 0 -0.809 0 1 0 0.9511 0 -0.309
		0.5038 0 0.6934 0.7 0 1 1 1 -0.5878 0 -0.809 -0.09189 0.9935 0.06677 0.8038 0.1136 -0.584
		0.2649 2.317 0.8152 0.6 0.998 1 1 1 -0.309 0 -0.9511 -0.108 0.9935 0.0351 0.8038 0.1136 -0.584
		0.5038 2.317 0.6934 0.7 0.998 1 1 1 -0.5878 0 -0.809 -0.09189 0.9935 0.06677 0.8038 0.1136 -0.584
		0.5038 0 0.6934 0.7 0 1 1 1 -0.5878 0 -0.809 0 1 0 0.809 0 -0.5878
		0.5038 2.317 0.6934 0.7 0.998 1 1 1 -0.5878 0 -0.809 0 1 0 0.809 0 -0.5878
		0.6934 0 0.5038 0.8 0 1 1 1 -0.809 0 -0.5878 0 1 0 0.809 0 -0.5878
		0.6934 0 0.5038 0.8 0 1 1 1 -0.809 0 -0.5878 -0.06677 0.9935 0.09189 0.584 0.1136 -0.8038
		0.5038 2.317 0.6934 0.7 0.998 1 1 1 -0.5878 0 -0.809 -0.09189 0.9935 0.06677 0.584 0.1136 -0.8038
		0.6934 2.317 0.5038 0.8 0.998 1 1 1 -0.809 0 -0.5878 -0.06677 0.9935 0.09189 0.584 0.1136 -0.8038
		0.6934 2.317 0.5038 0.8 0.998 1 1 1 -0.809 0 -0.5878 0.06677 -0.9935 -0.09189 -0.584 -0.1136 0.8038
		0.8152 0 0.2649 0.9 0 1 1 1 -0.9511 0 -0.309 0.0351 -0.9935 -0.108 -0.584 -0.1136 0.8038
		0.6934 0 0.5038 0.8 0 1 1 1 -0.809 0 -0.5878 0.06677 -0.9935 -0.09189 -0.584 -0.1136 0.8038
		0.8152 0 0.2649 0.9 0 1 1 1 -0.9511 0 -0.309 -0.0351 0.9935 0.108 0.307 0.1136 -0.9449
		0.6934 2.317 0.5038 0.8 0.998 1 1 1 -0.809 0 -0.5878 -0.06677 0.9935 0.09189 0.307 0.1136 -0.9449
		0.8152 2.317 0.2649 0.9 0.998 1 1 1 -0.9511 0 -0.309 -0.0351 0.9935 0.108 0.307 0.1136 -0.9449
		0.8152 2.317 0.2649 0.9 0.998 1 1 1 -0.9511 0 -0.309 0.0351 -0.9935 -0.108 -0.307 -0.1136 0.9449
		0.8571 0 0 1 0 1 1 1 -1 0 0 0 -0.9935 -0.1136 -0.307 -0.1136 0.9449
		0.8152 0 0.2649 0.9 0 1 1 1 -0.9511 0 -0.309 0.0351 -0.9935 -0.108 -0.307 -0.1136 0.9449
		0.8571 0 0 1 0 1 1 1 -1 0 0 0 0.9935 0.1136 0 0.1136 -0.9935
		0.8152 2.317 0.2649 0.9 0.998 1 1 1 -0.9511 0 -0.309 -0.0351 0.9935 0.108 0 0.1136 -0.9935
		0.8571 2.317 0 1 0.998 1 1 1 -1 0 0 0 0.9935 0.1136 0 0.1136 -0.9935
		1 0 0 1 0 1 1 1 1 0 0 0 0.9912 -0.132 0 0.132 0.9912
		0.9511 2.32 -0.309 1.1 1 1 1 1 0.9516 0 -0.3073 -0.04058 0.9912 -0.1257 0 0.132 0.9912
		1 2.32 0 1 1 1 1 1 1 0 0 0 0.9912 -0.132 0 0.132 0.9912
		0.9511 2.32 -0.309 1.1 1 1 1 1 0.9516 0 -0.3073 0.04058 -0.9912 0.1257 -0.3046 -0.132 -0.9433
		1 0 0 1 0 1 1 1 1 0 0 0 -0.9912 0.132 -0.3046 -0.132 -0.9433
		0.9511 0 -0.309 1.1 0 1 1 1 0.9511 0 -0.3089 0.04077 -0.9912 0.1256 -0.3046 -0.132 -0.9433
		0.9511 0 -0.309 1.1 0 1 1 1 0.9511 0 -0.3089 -0.04095 0.9912 -0.1261 0.3061 0.1326 0.9427
		0.809 2.31 -0.5878 1.2 1 1 1 1 0.8101 0 -0.5863 -0.07776 0.9912 -0.1074 0.3061 0.1326 0.9427
		0.9511 2.32 -0.309 1.1 1 1 1 1 0.9516 0 -0.3073 -0.04073 0.9912 -0.1261 0.3061 0.1326 0.9427
		0.809 2.31 -0.5878 1.2 1 1 1 1 0.8101 0 -0.5863 0.07776 -0.9912 0.1074 -0.5812 -0.1326 -0.8029
		0.9511 0 -0.309 1.1 0 1 1 1 0.9511 0 -0.3089 0.04095 -0.9912 0.1261 -0.5812 -0.1326 -0.8029
		0.809 0 -0.5878 1.2 0 1 1 1 0.8091 0 -0.5876 0.07791 -0.9912 0.1073 -0.5812 -0.1326 -0.8029
		0.5878 0 -0.809 1.3 0 1 1 1 0.5878 0 -0.809 0 1 0 0.809 0 0.5878
		0.5878 2.31 -0.809 1.3 1 1 1 1 0.5878 0 -0.809 0 1 0 0.809 0 0.5878
		0.809 0 -0.5878 1.2 0 1 1 1 0.8091 0 -0.5876 0 1 0 0.809 0 0.5878
		0.809 0 -0.5878 1.2 0 1 1 1 0.8091 0 -0.5876 -0.07791 0.9912 -0.1073 0.5825 0.1326 0.802
		0.5878 2.31 -0.809 1.3 1 1 1 1 0.5878 0 -0.809 -0.1073 0.9912 -0.07793 0.5825 0.1326 0.802
		0.809 2.31 -0.5878 1.2 1 1 1 1 0.8101 0 -0.5863 -0.07771 0.9912 -0.1074 0.5825 0.1326 0.802
		0.309 0 -0.9511 1.4 0 1 1 1 0.3089 0 -0.9511 0 1 0 0.9511 0 0.3089
		0.309 2.31 -0.9511 1.4 1 1 1 1 0.3073 0 -0.9516 0 1 0 0.9511 0 0.3089
		0.5878 0 -0.809 1.3 0 1 1 1 0.5878 0 -0.809 0 1 0 0.9511 0 0.3089
		0.5878 0 -0.809 1.3 0 1 1 1 0.5878 0 -0.809 -0.1073 0.9912 -0.07793 0.8019 0.1326 0.5826
		0.309 2.31 -0.9511 1.4 1 1 1 1 0.3073 0 -0.9516 -0.1261 0.9912 -0.04073 0.8019 0.1326 0.5826
		0.5878 2.31 -0.809 1.3 1 1 1 1 0.5878 0 -0.809 -0.1073 0.9912 -0.07793 0.8019 0.1326 0.5826
		0 0 -1 1.5 0 1 1 1 -0.0001733 0 -1 0.1326 0.9912 0 0.9912 -0.1326 -0.0001717
		0.309 2.31 -0.9511 1.4 1 1 1 1 0.3073 0 -0.9516 0.1262 0.9912 0.04075 0.9912 -0.1326 -0.0001717
		0.309 0 -0.9511 1.4 0 1 1 1 0.3089 0 -0.9511 0.1261 0.9912 0.04095 0.9912 -0.1326 -0.0001717
		0.309 2.31 -0.9511 1.4 1 1 1 1 0.3073 0 -0.9516 -0.1262 -0.9912 -0.04075 -0.9432 0.1326 -0.3046
		0 0 -1 1.5 0 1 1 1 -0.0001733 0 -1 -0.1326 -0.9912 0 -0.9432 0.1326 -0.3046
		0 2.32 -1 1.5 1 1 1 1 -0.001825 0 -1 -0.1325 -0.9912 0.0002419 -0.9432 0.1326 -0.3046
		-0.309 0 -0.9511 -0.4 0 1 1 1 -0.309 0 -0.9511 0 1 0 0.9511 0 -0.309
		-0.309 2.32 -0.9511 -0.4 1 1 1 1 -0.309 0 -0.9511 0 1 0 0.9511 0 -0.309
		0 0 -1 -0.5 0 1 1 1 -0.0001733 0 -1 0 1 0 0.9511 0 -0.309
		0 0 -1 -0.5 0 1 1 1 -0.0001733 0 -1 -0.132 0.9912 0 0.9912 0.132 -0.0001717
		-0.309 2.32 -0.9511 -0.4 1 1 1 1 -0.309 0 -0.9511 -0.1255 0.9912 0.04079 0.9912 0.132 -0.0001717
		0 2.32 -1 -0.5 1 1 1 1 -0.001825 0 -1 -0.132 0.9912 0.000241 0.9912 0.132 -0.0001717
		-0.5878 0 -0.809 -0.3 0 1 1 1 -0.5878 0 -0.809 0 1 0 0.809 0 -0.5878
		-0.5878 2.32 -0.809 -0.3 1 1 1 1 -0.5878 0 -0.809 0 1 0 0.809 0 -0.5878
		-0.309 0 -0.9511 -0.4 0 1 1 1 -0.309 0 -0.9511 0 1 0 0.809 0 -0.5878
		-0.309 0 -0.9511 -0.4 0 1 1 1 -0.309 0 -0.9511 -0.1255 0.9912 0.04079 0.9427 0.132 -0.3063
		-0.5878 2.32 -0.809 -0.3 1 1 1 1 -0.5878 0 -0.809 -0.1068 0.9912 0.07759 0.9427 0.132 -0.3063
		-0.309 2.32 -0.9511 -0.4 1 1 1 1 -0.309 0 -0.9511 -0.1255 0.9912 0.04079 0.9427 0.132 -0.3063
		-0.809 0 -0.5878 -0.2 0 1 1 1 -0.809 0 -0.5878 0 1 0 0.5878 0 -0.809
		-0.809 2.32 -0.5878 -0.2 1 1 1 1 -0.809 0 -0.5878 0 1 0 0.5878 0 -0.809
		-0.5878 0 -0.809 -0.3 0 1 1 1 -0.5878 0 -0.809 0 1 0 0.5878 0 -0.809
		-0.5878 0 -0.809 -0.3 0 1 1 1 -0.5878 0 -0.809 -0.1068 0.9912 0.07759 0.8019 0.132 -0.5826
		-0.809 2.32 -0.5878 -0.2 1 1 1 1 -0.809 0 -0.5878 -0.07759 0.9912 0.1068 0.8019 0.132 -0.5826
		-0.5878 2.32 -0.809 -0.3 1 1 1 1 -0.5878 0 -0.809 -0.1068 0.9912 0.07759 0.8019 0.132 -0.5826
		-0.809 2.32 -0.5878 -0.2 1 1 1 1 -0.809 0 -0.5878 0 -1 0 -0.5878 0 0.809
		-0.809 0 -0.5878 -0.2 0 1 1 1 -0.809 0 -0.5878 0 -1 0 -0.5878 0 0.809
		-0.9511 2.32 -0.309 -0.1 1 1 1 1 -0.9511 0 -0.309 0 -1 0 -0.5878 0 0.809
		-0.9511 0 -0.309 -0.1 0 1 1 1 -0.9511 0 -0.309 0 1 0 0.309 0 -0.9511
		-0.9511 2.32 -0.309 -0.1 1 1 1 1 -0.9511 0 -0.309 0 1 0 0.309 0 -0.9511
		-0.809 0 -0.5878 -0.2 0 1 1 1 -0.809 0 -0.5878 0 1 0 0.309 0 -0.9511
		-0.9511 2.32 -0.309 -0.1 1 1 1 1 -0.9511 0 -0.309 -0.04079 -0.9912 0.1255 -0.3063 0.132 0.9427
		-1 0 0 0 0 1 1 1 -1 0 0 0 -0.9912 0.132 -0.3063 0.132 0.9427
		-1 2.32 0 0 1 1 1 1 -1 0 0 0 -0.9912 0.132 -0.3063 0.132 0.9427
		-1 0 0 0 0 1 1 1 -1 0 0 0 0.9912 -0.132 0 -0.132 -0.9912
		-0.9511 2.32 -0.309 -0.1 1 1 1 1 -0.9511 0 -0.309 0.04079 0.9912 -0.1255 0 -0.132 -0.9912
		-0.9511 0 -0.309 -0.1 0 1 1 1 -0.9511 0 -0.309 0.04079 0.9912 -0.1255 0 -0.132 -0.9912
		-1 2.32 0 0 1 1 1 1 -1 0 0 0 -0.9912 0.132 0 0.132 0.9912
		-0.9511 0 0.309 0.1 0 1 1 1 -0.9511 0 0.309 0.04079 -0.9912 0.1255 0 0.132 0.9912
		-0.9511 2.32 0.309 0.1 1 1 1 1 -0.9511 0 0.309 0.04079 -0.9912 0.1255 0 0.132 0.9912
		-0.9511 0 0.309 0.1 0 1 1 1 -0.9511 0 0.309 -0.04079 0.9912 -0.1255 -0.3063 -0.132 -0.9427
		-1 2.32 0 0 1 1 1 1 -1 0 0 0 0.9912 -0.132 -0.3063 -0.132 -0.9427
		-1 0 0 0 0 1 1 1 -1 0 0 0 0.9912 -0.132 -0.3063 -0.132 -0.9427
		-0.9511 2.32 0.309 0.1 1 1 1 1 -0.9511 0 0.309 0 -1 0 0.309 0 0.9511
		-0.9511 0 0.309 0.1 0 1 1 1 -0.9511 0 0.309 0 -1 0 0.309 0 0.9511
		-0.809 2.32 0.5878 0.2 1 1 1 1 -0.809 0 0.5878 0 -1 0 0.309 0 0.9511
		-0.809 0 0.5878 0.2 0 1 1 1 -0.809 0 0.5878 0 1 0 -0.5878 0 -0.809
		-0.809 2.32 0.5878 0.2 1 1 1 1 -0.809 0 0.5878 0 1 0 -0.5878 0 -0.809
		-0.9511 0 0.309 0.1 0 1 1 1 -0.9511 0 0.309 0 1 0 -0.5878 0 -0.809
		-0.809 2.32 0.5878 0.2 1 1 1 1 -0.809 0 0.5878 0 -1 0 0.5878 0 0.809
		-0.809 0 0.5878 0.2 0 1 1 1 -0.809 0 0.5878 0 -1 0 0.5878 0 0.809
		-0.5878 2.32 0.809 0.3 1 1 1 1 -0.5878 0 0.809 0 -1 0 0.5878 0 0.809
		-0.5878 0 0.809 0.3 0 1 1 1 -0.5878 0 0.809 0 1 0 -0.809 0 -0.5878
		-0.5878 2.32 0.809 0.3 1 1 1 1 -0.5878 0 0.809 0 1 0 -0.809 0 -0.5878
		-0.809 0 0.5878 0.2 0 1 1 1 -0.809 0 0.5878 0 1 0 -0.809 0 -0.5878
		-0.5878 2.32 0.809 0.3 1 1 1 1 -0.5878 0 0.809 0 -1 0 0.809 0 0.5878
		-0.5878 0 0.809 0.3 0 1 1 1 -0.5878 0 0.809 0 -1 0 0.809 0 0.5878
		-0.309 2.32 0.9511 0.4 1 1 1 1 -0.309 0 0.9511 0 -1 0 0.809 0 0.5878
		-0.309 2.32 0.9511 0.4 1 1 1 1 -0.309 0 0.9511 -0.1255 -0.9912 -0.04079 0.9427 -0.132 0.3063
		-0.5878 0 0.809 0.3 0 1 1 1 -0.5878 0 0.809 -0.1068 -0.9912 -0.07759 0.9427 -0.132 0.3063
		-0.309 0 0.9511 0.4 0 1 1 1 -0.309 0 0.9511 -0.1255 -0.9912 -0.04079 0.9427 -0.132 0.3063
		-0.309 2.32 0.9511 0.4 1 1 1 1 -0.309 0 0.9511 0 -1 0 0.9511 0 0.309
		-0.309 0 0.9511 0.4 0 1 1 1 -0.309 0 0.9511 0 -1 0 0.9511 0 0.309
		0 2.32 1 0.5 1 1 1 1 0 0 1 0 -1 0 0.9511 0 0.309
		0 2.32 1 0.5 1 1 1 1 0 0 1 -0.132 -0.9912 0 0.9912 -0.132 0
		-0.309 0 0.9511 0.4 0 1 1 1 -0.309 0 0.9511 -0.1255 -0.9912 -0.04079 0.9912 -0.132 0
		0 0 1 0.5 0 1 1 1 0 0 1 -0.132 -0.9912 0 0.9912 -0.132 0
		0 2.32 1 0.5 1 1 1 1 0 0 1 0 -1 0 1 0 0
		0 0 1 0.5 0 1 1 1 0 0 1 0 -1 0 1 0 0
		0.309 2.32 0.9511 0.6 1 1 1 1 0.309 0 0.9511 0 -1 0 1 0 0
		0.309 2.32 0.9511 0.6 1 1 1 1 0.309 0 0.9511 -0.1255 -0.9912 0.04079 0.9427 -0.132 -0.3063
		0 0 1 0.5 0 1 1 1 0 0 1 -0.132 -0.9912 0 0.9427 -0.132 -0.3063
		0.309 0 0.9511 0.6 0 1 1 1 0.309 0 0.9511 -0.1255 -0.9912 0.04079 0.9427 -0.132 -0.3063
		0.309 2.32 0.9511 0.6 1 1 1 1 0.309 0 0.9511 0 -1 0 0.9511 0 -0.309
		0.309 0 0.9511 0.6 0 1 1 1 0.309 0 0.9511 0 -1 0 0.9511 0 -0.309
		0.5878 2.32 0.809 0.7 1 1 1 1 0.5878 0 0.809 0 -1 0 0.9511 0 -0.309
		0.5878 2.32 0.809 0.7 1 1 1 1 0.5878 0 0.809 -0.1068 -0.9912 0.07759 0.8019 -0.132 -0.5826
		0.309 0 0.9511 0.6 0 1 1 1 0.309 0 0.9511 -0.1255 -0.9912 0.04079 0.8019 -0.132 -0.5826
		0.5878 0 0.809 0.7 0 1 1 1 0.5878 0 0.809 -0.1068 -0.9912 0.07759 0.8019 -0.132 -0.5826
		0.5878 2.32 0.809 0.7 1 1 1 1 0.5878 0 0.809 0 -1 0 0.809 0 -0.5878
		0.5878 0 0.809 0.7 0 1 1 1 0.5878 0 0.809 0 -1 0 0.809 0 -0.5878
		0.809 2.32 0.5878 0.8 1 1 1 1 0.809 0 0.5878 0 -1 0 0.809 0 -0.5878
		0.809 2.32 0.5878 0.8 1 1 1 1 0.809 0 0.5878 -0.07759 -0.9912 0.1068 0.5826 -0.132 -0.8019
		0.5878 0 0.809 0.7 0 1 1 1 0.5878 0 0.809 -0.1068 -0.9912 0.07759 0.5826 -0.132 -0.8019
		0.809 0 0.5878 0.8 0 1 1 1 0.809 0 0.5878 -0.07759 -0.9912 0.1068 0.5826 -0.132 -0.8019
		0.809 0 0.5878 0.8 0 1 1 1 0.809 0 0.5878 0.07759 0.9912 -0.1068 -0.5826 0.132 0.8019
		0.9511 2.32 0.309 0.9 1 1 1 1 0.9511 0 0.309 0.04079 0.9912 -0.1255 -0.5826 0.132 0.8019
		0.809 2.32 0.5878 0.8 1 1 1 1 0.809 0 0.5878 0.07759 0.9912 -0.1068 -0.5826 0.132 0.8019
		0.9511 2.32 0.309 0.9 1 1 1 1 0.9511 0 0.309 -0.04079 -0.9912 0.1255 0.3063 -0.132 -0.9427
		0.809 0 0.5878 0.8 0 1 1 1 0.809 0 0.5878 -0.07759 -0.9912 0.1068 0.3063 -0.132 -0.9427
		0.9511 0 0.309 0.9 0 1 1 1 0.9511 0 0.309 -0.04079 -0.9912 0.1255 0.3063 -0.132 -0.9427
		0.9511 0 0.309 0.9 0 1 1 1 0.9511 0 0.309 0.04079 0.9912 -0.1255 -0.3063 0.132 0.9427
		1 2.32 0 1 1 1 1 1 1 0 0 0 0.9912 -0.132 -0.3063 0.132 0.9427
		0.9511 2.32 0.309 0.9 1 1 1 1 0.9511 0 0.309 0.04079 0.9912 -0.1255 -0.3063 0.132 0.9427
		1 2.32 0 1 1 1 1 1 1 0 0 0 -0.9912 0.132 0 -0.132 -0.9912
		0.9511 0 0.309 0.9 0 1 1 1 0.9511 0 0.309 -0.04079 -0.9912 0.1255 0 -0.132 -0.9912
		1 0 0 1 0 1 1 1 1 0 0 0 -0.9912 0.132 0 -0.132 -0.9912
		0.8571 0 0 1 0 1 1 1 0 -1 0 0.2908 0 -0.9568 0.9568 0 0.2908
		0.9511 0 -0.309 1.1 0 1 1 1 0 -1 0 0.2908 0 -0.9568 0.9568 0 0.2908
		1 0 0 1 0 1 1 1 0 -1 0 0.2908 0 -0.9568 0.9568 0 0.2908
		0.9511 0 -0.309 1.1 0 1 1 1 0 -1 0 -0.2908 0 0.9568 -0.9568 0 -0.2908
		0.8571 0 0 1 0 1 1 1 0 -1 0 -0.2908 0 0.9568 -0.9568 0 -0.2908
		0.8152 0 -0.2649 1.1 0 1 1 1 0 -1 0 -0.2908 0 0.9568 -0.9568 0 -0.2908
		0.9511 0 -0.309 1.1 0 1 1 1 0 -1 0 -0.7977 0 -0.6031 0.6031 0 -0.7977
		0.6934 0 -0.5038 1.2 0 1 1 1 0 -1 0 -0.7977 0 -0.6031 0.6031 0 -0.7977
		0.809 0 -0.5878 1.2 0 1 1 1 0 -1 0 -0.7977 0 -0.6031 0.6031 0 -0.7977
		0.6934 0 -0.5038 1.2 0 1 1 1 0 -1 0 0.7977 0 0.6031 -0.6031 0 0.7977
		0.9511 0 -0.309 1.1 0 1 1 1 0 -1 0 0.7977 0 0.6031 -0.6031 0 0.7977
		0.8152 0 -0.2649 1.1 0 1 1 1 0 -1 0 0.7977 0 0.6031 -0.6031 0 0.7977
		0.809 0 -0.5878 1.2 0 1 1 1 0 -1 0 -0.945 0 -0.3271 0.3271 0 -0.945
		0.5038 0 -0.6934 1.3 0 1 1 1 0 -1 0 -0.945 0 -0.3271 0.3271 0 -0.945
		0.5878 0 -0.809 1.3 0 1 1 1 0 -1 0 -0.945 0 -0.3271 0.3271 0 -0.945
		0.5038 0 -0.6934 1.3 0 1 1 1 0 -1 0 0.945 0 0.3271 -0.3271 0 0.945
		0.809 0 -0.5878 1.2 0 1 1 1 0 -1 0 0.945 0 0.3271 -0.3271 0 0.945
		0.6934 0 -0.5038 1.2 0 1 1 1 0 -1 0 0.945 0 0.3271 -0.3271 0 0.945
		0.2649 0 -0.8152 1.4 0 1 1 1 0 -1 0 0.9998 0 0.01906 -0.01906 0 0.9998
		0.5878 0 -0.809 1.3 0 1 1 1 0 -1 0 0.9998 0 0.01906 -0.01906 0 0.9998
		0.5038 0 -0.6934 1.3 0 1 1 1 0 -1 0 0.9998 0 0.01906 -0.01906 0 0.9998
		0.5878 0 -0.809 1.3 0 1 1 1 0 -1 0 -0.9998 0 -0.01906 0.01906 0 -0.9998
		0.2649 0 -0.8152 1.4 0 1 1 1 0 -1 0 -0.9998 0 -0.01906 0.01906 0 -0.9998
		0.309 0 -0.9511 1.4 0 1 1 1 0 -1 0 -0.9998 0 -0.01906 0.01906 0 -0.9998
		0 0 -0.8571 1.5 0 1 1 1 0 -1 0 0.9568 0 -0.2908 0.2908 0 0.9568
		0.309 0 -0.9511 1.4 0 1 1 1 0 -1 0 0.9568 0 -0.2908 0.2908 0 0.9568
		0.2649 0 -0.8152 1.4 0 1 1 1 0 -1 0 0.9568 0 -0.2908 0.2908 0 0.9568
		0.309 0 -0.9511 1.4 0 1 1 1 0 -1 0 -0.9568 0 0.2908 -0.2908 0 -0.9568
		0 0 -0.8571 1.5 0 1 1 1 0 -1 0 -0.9568 0 0.2908 -0.2908 0 -0.9568
		0 0 -1 1.5 0 1 1 1 0 -1 0 -0.9568 0 0.2908 -0.2908 0 -0.9568
		-0.2649 0 -0.8152 -0.4 0 1 1 1 0 -1 0 0.8201 0 -0.5723 0.5723 0 0.8201
		0 0 -1 -0.5 0 1 1 1 0 -1 0 0.8201 0 -0.5723 0.5723 0 0.8201
		0 0 -0.8571 -0.5 0 1 1 1 0 -1 0 0.8201 0 -0.5723 0.5723 0 0.8201
		0 0 -1 -0.5 0 1 1 1 0 -1 0 -0.8201 0 0.5723 -0.5723 0 -0.8201
		-0.2649 0 -0.8152 -0.4 0 1 1 1 0 -1 0 -0.8201 0 0.5723 -0.5723 0 -0.8201
		-0.309 0 -0.9511 -0.4 0 1 1 1 0 -1 0 -0.8201 0 0.5723 -0.5723 0 -0.8201
		-0.309 0 -0.9511 -0.4 0 1 1 1 0 -1 0 -0.6031 0 0.7977 -0.7977 0 -0.6031
		-0.5038 0 -0.6934 -0.3 0 1 1 1 0 -1 0 -0.6031 0 0.7977 -0.7977 0 -0.6031
		-0.5878 0 -0.809 -0.3 0 1 1 1 0 -1 0 -0.6031 0 0.7977 -0.7977 0 -0.6031
		-0.5038 0 -0.6934 -0.3 0 1 1 1 0 -1 0 0.6031 0 -0.7977 0.7977 0 0.6031
		-0.309 0 -0.9511 -0.4 0 1 1 1 0 -1 0 0.6031 0 -0.7977 0.7977 0 0.6031
		-0.2649 0 -0.8152 -0.4 0 1 1 1 0 -1 0 0.6031 0 -0.7977 0.7977 0 0.6031
		-0.5878 0 -0.809 -0.3 0 1 1 1 0 -1 0 -0.3271 0 0.945 -0.945 0 -0.3271
		-0.6934 0 -0.5038 -0.2 0 1 1 1 0 -1 0 -0.3271 0 0.945 -0.945 0 -0.3271
		-0.809 0 -0.5878 -0.2 0 1 1 1 0 -1 0 -0.3271 0 0.945 -0.945 0 -0.3271
		-0.6934 0 -0.5038 -0.2 0 1 1 1 0 -1 0 0.3271 0 -0.945 0.945 0 0.3271
		-0.5878 0 -0.809 -0.3 0 1 1 1 0 -1 0 0.3271 0 -0.945 0.945 0 0.3271
		-0.5038 0 -0.6934 -0.3 0 1 1 1 0 -1 0 0.3271 0 -0.945 0.945 0 0.3271
		-0.809 0 -0.5878 -0.2 0 1 1 1 0 -1 0 -0.01906 0 0.9998 -0.9998 0 -0.01906
		-0.8152 0 -0.2649 -0.1 0 1 1 1 0 -1 0 -0.01906 0 0.9998 -0.9998 0 -0.01906
		-0.9511 0 -0.309 -0.1 0 1 1 1 0 -1 0 -0.01906 0 0.9998 -0.9998 0 -0.01906
		-0.8152 0 -0.2649 -0.1 0 1 1 1 0 -1 0 0.01906 0 -0.9998 0.9998 0 0.01906
		-0.809 0 -0.5878 -0.2 0 1 1 1 0 -1 0 0.01906 0 -0.9998 0.9998 0 0.01906
		-0.6934 0 -0.5038 -0.2 0 1 1 1 0 -1 0 0.01906 0 -0.9998 0.9998 0 0.01906
		-0.9511 0 -0.309 -0.1 0 1 1 1 0 -1 0 0.2908 0 0.9568 -0.9568 0 0.2908
		-0.8571 0 0 0 0 1 1 1 0 -1 0 0.2908 0 0.9568 -0.9568 0 0.2908
		-1 0 0 0 0 1 1 1 0 -1 0 0.2908 0 0.9568 -0.9568 0 0.2908
		-0.8571 0 0 0 0 1 1 1 0 -1 0 -0.2908 0 -0.9568 0.9568 0 -0.2908
		-0.9511 0 -0.309 -0.1 0 1 1 1 0 -1 0 -0.2908 0 -0.9568 0.9568 0 -0.2908
		-0.8152 0 -0.2649 -0.1 0 1 1 1 0 -1 0 -0.2908 0 -0.9568 0.9568 0 -0.2908
		-0.8152 0 0.2649 0.1 0 1 1 1 0 -1 0 -0.5723 0 -0.8201 0.8201 0 -0.5723
		-1 0 0 0 0 1 1 1 0 -1 0 -0.5723 0 -0.8201 0.8201 0 -0.5723
		-0.8571 0 0 0 0 1 1 1 0 -1 0 -0.5723 0 -0.8201 0.8201 0 -0.5723
		-1 0 0 0 0 1 1 1 0 -1 0 0.5723 0 0.8201 -0.8201 0 0.5723
		-0.8152 0 0.2649 0.1 0 1 1 1 0 -1 0 0.5723 0 0.8201 -0.8201 0 0.5723
		-0.9511 0 0.309 0.1 0 1 1 1 0 -1 0 0.5723 0 0.8201 -0.8201 0 0.5723
		-0.6934 0 0.5038 0.2 0 1 1 1 0 -1 0 -0.7977 0 -0.6031 0.6031 0 -0.7977
		-0.9511 0 0.309 0.1 0 1 1 1 0 -1 0 -0.7977 0 -0.6031 0.6031 0 -0.7977
		-0.8152 0 0.2649 0.1 0 1 1 1 0 -1 0 -0.7977 0 -0.6031 0.6031 0 -0.7977
		-0.9511 0 0.309 0.1 0 1 1 1 0 -1 0 0.7977 0 0.6031 -0.6031 0 0.7977
		-0.6934 0 0.5038 0.2 0 1 1 1 0 -1 0 0.7977 0 0.6031 -0.6031 0 0.7977
		-0.809 0 0.5878 0.2 0 1 1 1 0 -1 0 0.7977 0 0.6031 -0.6031 0 0.7977
		-0.5038 0 0.6934 0.3 0 1 1 1 0 -1 0 -0.945 0 -0.3271 0.3271 0 -0.945
		-0.809 0 0.5878 0.2 0 1 1 1 0 -1 0 -0.945 0 -0.3271 0.3271 0 -0.945
		-0.6934 0 0.5038 0.2 0 1 1 1 0 -1 0 -0.945 0 -0.3271 0.3271 0 -0.945
		-0.809 0 0.5878 0.2 0 1 1 1 0 -1 0 0.945 0 0.3271 -0.3271 0 0.945
		-0.5038 0 0.6934 0.3 0 1 1 1 0 -1 0 0.945 0 0.3271 -0.3271 0 0.945
		-0.5878 0 0.809 0.3 0 1 1 1 0 -1 0 0.945 0 0.3271 -0.3271 0 0.945
		-0.5878 0 0.809 0.3 0 1 1 1 0 -1 0 0.9998 0 0.01906 -0.01906 0 0.9998
		-0.2649 0 0.8152 0.4 0 1 1 1 0 -1 0 0.9998 0 0.01906 -0.01906 0 0.9998
		-0.309 0 0.9511 0.4 0 1 1 1 0 -1 0 0.9998 0 0.01906 -0.01906 0 0.9998
		-0.2649 0 0.8152 0.4 0 1 1 1 0 -1 0 -0.9998 0 -0.01906 0.01906 0 -0.9998
		-0.5878 0 0.809 0.3 0 1 1 1 0 -1 0 -0.9998 0 -0.01906 0.01906 0 -0.9998
		-0.5038 0 0.6934 0.3 0 1 1 1 0 -1 0 -0.9998 0 -0.01906 0.01906 0 -0.9998
		-0.2649 0 0.8152 0.4 0 1 1 1 0 -1 0 0.8201 0 0.5723 -0.5723 0 0.8201
		0 0 1 0.5 0 1 1 1 0 -1 0 0.8201 0 0.5723 -0.5723 0 0.8201
		-0.309 0 0.9511 0.4 0 1 1 1 0 -1 0 0.8201 0 0.5723 -0.5723 0 0.8201
		0 0 1 0.5 0 1 1 1 0 -1 0 -0.8201 0 -0.5723 0.5723 0 -0.8201
		-0.2649 0 0.8152 0.4 0 1 1 1 0 -1 0 -0.8201 0 -0.5723 0.5723 0 -0.8201
		0 0 0.8571 0.5 0 1 1 1 0 -1 0 -0.8201 0 -0.5723 0.5723 0 -0.8201
		0.309 0 0.9511 0.6 0 1 1 1 0 -1 0 -0.9877 0 0.1564 -0.1564 0 -0.9877
		0 0 1 0.5 0 1 1 1 0 -1 0 -0.9877 0 0.1564 -0.1564 0 -0.9877
		0 0 0.8571 0.5 0 1 1 1 0 -1 0 -0.9877 0 0.1564 -0.1564 0 -0.9877
		0.309 0 0.9511 0.6 0 1 1 1 0 -1 0 -0.9568 0 -0.2908 0.2908 0 -0.9568
		0 0 0.8571 0.5 0 1 1 1 0 -1 0 -0.9568 0 -0.2908 0.2908 0 -0.9568
		0.2649 0 0.8152 0.6 0 1 1 1 0 -1 0 -0.9568 0 -0.2908 0.2908 0 -0.9568
		0.2649 0 0.8152 0.6 0 1 1 1 0 -1 0 0.891 0 -0.454 0.454 0 0.891
		0.5038 0 0.6934 0.7 0 1 1 1 0 -1 0 0.891 0 -0.454 0.454 0 0.891
		0.5878 0 0.809 0.7 0 1 1 1 0 -1 0 0.891 0 -0.454 0.454 0 0.891
		0.5878 0 0.809 0.7 0 1 1 1 0 -1 0 -0.891 0 0.454 -0.454 0 -0.891
		0.309 0 0.9511 0.6 0 1 1 1 0 -1 0 -0.891 0 0.454 -0.454 0 -0.891
		0.2649 0 0.8152 0.6 0 1 1 1 0 -1 0 -0.891 0 0.454 -0.454 0 -0.891
		0.5038 0 0.6934 0.7 0 1 1 1 0 -1 0 0.7071 0 -0.7071 0.7071 0 0.7071
		0.6934 0 0.5038 0.8 0 1 1 1 0 -1 0 0.7071 0 -0.7071 0.7071 0 0.7071
		0.809 0 0.5878 0.8 0 1 1 1 0 -1 0 0.7071 0 -0.7071 0.7071 0 0.7071
		0.809 0 0.5878 0.8 0 1 1 1 0 -1 0 -0.7071 0 0.7071 -0.7071 0 -0.7071
		0.5878 0 0.809 0.7 0 1 1 1 0 -1 0 -0.7071 0 0.7071 -0.7071 0 -0.7071
		0.5038 0 0.6934 0.7 0 1 1 1 0 -1 0 -0.7071 0 0.7071 -0.7071 0 -0.7071
		0.9511 0 0.309 0.9 0 1 1 1 0 -1 0 -0.7977 0 0.6031 -0.6031 0 -0.7977
		0.6934 0 0.5038 0.8 0 1 1 1 0 -1 0 -0.7977 0 0.6031 -0.6031 0 -0.7977
		0.8152 0 0.2649 0.9 0 1 1 1 0 -1 0 -0.7977 0 0.6031 -0.6031 0 -0.7977
		0.6934 0 0.5038 0.8 0 1 1 1 0 -1 0 0.7977 0 -0.6031 0.6031 0 0.7977
		0.9511 0 0.309 0.9 0 1 1 1 0 -1 0 0.7977 0 -0.6031 0.6031 0 0.7977
		0.809 0 0.5878 0.8 0 1 1 1 0 -1 0 0.7977 0 -0.6031 0.6031 0 0.7977
		1 0 0 1 0 1 1 1 0 -1 0 -0.5723 0 0.8201 -0.8201 0 -0.5723
		0.8152 0 0.2649 0.9 0 1 1 1 0 -1 0 -0.5723 0 0.8201 -0.8201 0 -0.5723
		0.8571 0 0 1 0 1 1 1 0 -1 0 -0.5723 0 0.8201 -0.8201 0 -0.5723
		0.8152 0 0.2649 0.9 0 1 1 1 0 -1 0 0.5723 0 -0.8201 0.8201 0 0.5723
		1 0 0 1 0 1 1 1 0 -1 0 0.5723 0 -0.8201 0.8201 0 0.5723
		0.9511 0 0.309 0.9 0 1 1 1 0 -1 0 0.5723 0 -0.8201 0.8201 0 0.5723
		0.5038 2.307 -0.6934 1.3 0.998 1 1 1 -0.01842 0.9997 0.01842 0.9449 0.01139 0.3271 0.3267 0.02343 -0.9448
		0.809 2.31 -0.5878 1.2 1 1 1 1 -0.01842 0.9997 0.01842 0.9449 0.01139 0.3271 0.3267 0.02343 -0.9448
		0.5878 2.31 -0.809 1.3 1 1 1 1 -0.01842 0.9997 0.01842 0.9449 0.01139 0.3271 0.3267 0.02343 -0.9448
		0.809 2.31 -0.5878 1.2 1 1 1 1 -0.01842 0.9997 0.01842 -0.9449 -0.01139 -0.3271 -0.3267 -0.02343 0.9448
		0.5038 2.307 -0.6934 1.3 0.998 1 1 1 -0.01842 0.9997 0.01842 -0.9449 -0.01139 -0.3271 -0.3267 -0.02343 0.9448
		0.6934 2.307 -0.5038 1.2 0.998 1 1 1 -0.01842 0.9997 0.01842 -0.9449 -0.01139 -0.3271 -0.3267 -0.02343 0.9448
		0.2649 2.307 -0.8152 1.4 0.998 1 1 1 -0.01183 0.9997 0.02321 0.9998 0.01139 0.01906 0.01879 0.02343 -0.9995
		0.5878 2.31 -0.809 1.3 1 1 1 1 -0.01183 0.9997 0.02321 0.9998 0.01139 0.01906 0.01879 0.02343 -0.9995
		0.309 2.31 -0.9511 1.4 1 1 1 1 -0.01183 0.9997 0.02321 0.9998 0.01139 0.01906 0.01879 0.02343 -0.9995
		0.5878 2.31 -0.809 1.3 1 1 1 1 -0.01183 0.9997 0.02321 -0.9998 -0.01139 -0.01906 -0.01879 -0.02343 0.9995
		0.2649 2.307 -0.8152 1.4 0.998 1 1 1 -0.01183 0.9997 0.02321 -0.9998 -0.01139 -0.01906 -0.01879 -0.02343 0.9995
		0.5038 2.307 -0.6934 1.3 0.998 1 1 1 -0.01183 0.9997 0.02321 -0.9998 -0.01139 -0.01906 -0.01879 -0.02343 0.9995
		0.309 2.31 -0.9511 1.4 1 1 1 1 0.0304 0.9991 0.03118 -0.9566 0.02004 0.2908 0.2899 -0.03866 0.9563
		0 2.317 -0.8571 1.5 0.998 1 1 1 0.0304 0.9991 0.03118 -0.9566 0.02004 0.2908 0.2899 -0.03866 0.9563
		0.2649 2.307 -0.8152 1.4 0.998 1 1 1 0.0304 0.9991 0.03118 -0.9566 0.02004 0.2908 0.2899 -0.03866 0.9563
		0 2.317 -0.8571 1.5 0.998 1 1 1 0.0304 0.9991 0.03118 0.9566 -0.02004 -0.2908 -0.2899 0.03866 -0.9563
		0.309 2.31 -0.9511 1.4 1 1 1 1 0.0304 0.9991 0.03118 0.9566 -0.02004 -0.2908 -0.2899 0.03866 -0.9563
		0 2.32 -1 1.5 1 1 1 1 0.0304 0.9991 0.03118 0.9566 -0.02004 -0.2908 -0.2899 0.03866 -0.9563
		-0.2649 2.317 -0.8152 -0.4 0.998 1 1 1 0.004075 0.9997 0.02573 0.9877 0 -0.1564 -0.1564 0.02605 -0.9874
		0 2.317 -0.8571 -0.5 0.998 1 1 1 0.004075 0.9997 0.02573 0.9877 0 -0.1564 -0.1564 0.02605 -0.9874
		0 2.32 -1 -0.5 1 1 1 1 0.004075 0.9997 0.02573 0.9877 0 -0.1564 -0.1564 0.02605 -0.9874
		0 2.32 -1 -0.5 1 1 1 1 0.004075 0.9997 0.02573 -0.9877 0 0.1564 0.1564 -0.02605 0.9874
		-0.309 2.32 -0.9511 -0.4 1 1 1 1 0.004075 0.9997 0.02573 -0.9877 0 0.1564 0.1564 -0.02605 0.9874
		-0.2649 2.317 -0.8152 -0.4 0.998 1 1 1 0.004075 0.9997 0.02573 -0.9877 0 0.1564 0.1564 -0.02605 0.9874
		-0.5038 2.317 -0.6934 -0.3 0.998 1 1 1 0.01183 0.9997 0.02321 0.891 0 -0.454 -0.4538 0.02605 -0.8907
		-0.2649 2.317 -0.8152 -0.4 0.998 1 1 1 0.01183 0.9997 0.02321 0.891 0 -0.454 -0.4538 0.02605 -0.8907
		-0.309 2.32 -0.9511 -0.4 1 1 1 1 0.01183 0.9997 0.02321 0.891 0 -0.454 -0.4538 0.02605 -0.8907
		-0.309 2.32 -0.9511 -0.4 1 1 1 1 0.01183 0.9997 0.02321 -0.891 0 0.454 0.4538 -0.02605 0.8907
		-0.5878 2.32 -0.809 -0.3 1 1 1 1 0.01183 0.9997 0.02321 -0.891 0 0.454 0.4538 -0.02605 0.8907
		-0.5038 2.317 -0.6934 -0.3 0.998 1 1 1 0.01183 0.9997 0.02321 -0.891 0 0.454 0.4538 -0.02605 0.8907
		-0.5878 2.32 -0.809 -0.3 1 1 1 1 0.01842 0.9997 0.01842 -0.7071 0 0.7071 0.7069 -0.02605 0.7069
		-0.809 2.32 -0.5878 -0.2 1 1 1 1 0.01842 0.9997 0.01842 -0.7071 0 0.7071 0.7069 -0.02605 0.7069
		-0.6934 2.317 -0.5038 -0.2 0.998 1 1 1 0.01842 0.9997 0.01842 -0.7071 0 0.7071 0.7069 -0.02605 0.7069
		-0.5878 2.32 -0.809 -0.3 1 1 1 1 0.01842 0.9997 0.01842 -0.3271 -0.01139 0.9449 0.9448 -0.02343 0.3267
		-0.6934 2.317 -0.5038 -0.2 0.998 1 1 1 0.01842 0.9997 0.01842 -0.3271 -0.01139 0.9449 0.9448 -0.02343 0.3267
		-0.5038 2.317 -0.6934 -0.3 0.998 1 1 1 0.01842 0.9997 0.01842 -0.3271 -0.01139 0.9449 0.9448 -0.02343 0.3267
		-0.8152 2.317 -0.2649 -0.1 0.998 1 1 1 0.02321 0.9997 0.01183 0.01906 0.01139 -0.9998 -0.9995 0.02343 -0.01879
		-0.809 2.32 -0.5878 -0.2 1 1 1 1 0.02321 0.9997 0.01183 0.01906 0.01139 -0.9998 -0.9995 0.02343 -0.01879
		-0.9511 2.32 -0.309 -0.1 1 1 1 1 0.02321 0.9997 0.01183 0.01906 0.01139 -0.9998 -0.9995 0.02343 -0.01879
		-0.809 2.32 -0.5878 -0.2 1 1 1 1 0.02321 0.9997 0.01183 -0.01906 -0.01139 0.9998 0.9995 -0.02343 0.01879
		-0.8152 2.317 -0.2649 -0.1 0.998 1 1 1 0.02321 0.9997 0.01183 -0.01906 -0.01139 0.9998 0.9995 -0.02343 0.01879
		-0.6934 2.317 -0.5038 -0.2 0.998 1 1 1 0.02321 0.9997 0.01183 -0.01906 -0.01139 0.9998 0.9995 -0.02343 0.01879
		-1 2.32 0 0 1 1 1 1 0.02573 0.9997 0.004075 0.5722 -0.01139 -0.82 -0.8197 0.02343 -0.5723
		-0.8152 2.317 -0.2649 -0.1 0.998 1 1 1 0.02573 0.9997 0.004075 0.5722 -0.01139 -0.82 -0.8197 0.02343 -0.5723
		-0.9511 2.32 -0.309 -0.1 1 1 1 1 0.02573 0.9997 0.004075 0.5722 -0.01139 -0.82 -0.8197 0.02343 -0.5723
		-0.8152 2.317 -0.2649 -0.1 0.998 1 1 1 0.02573 0.9997 0.004075 -0.5722 0.01139 0.82 0.8197 -0.02343 0.5723
		-1 2.32 0 0 1 1 1 1 0.02573 0.9997 0.004075 -0.5722 0.01139 0.82 0.8197 -0.02343 0.5723
		-0.8571 2.317 0 0 0.998 1 1 1 0.02573 0.9997 0.004075 -0.5722 0.01139 0.82 0.8197 -0.02343 0.5723
		-0.8571 2.317 0 0 0.998 1 1 1 0.02573 0.9997 -0.004075 -0.2908 0.01139 0.9567 0.9564 -0.02343 0.291
		-0.9511 2.32 0.309 0.1 1 1 1 1 0.02573 0.9997 -0.004075 -0.2908 0.01139 0.9567 0.9564 -0.02343 0.291
		-0.8152 2.317 0.2649 0.1 0.998 1 1 1 0.02573 0.9997 -0.004075 -0.2908 0.01139 0.9567 0.9564 -0.02343 0.291
		-0.9511 2.32 0.309 0.1 1 1 1 1 0.02573 0.9997 -0.004075 0.2908 -0.01139 -0.9567 -0.9564 0.02343 -0.291
		-0.8571 2.317 0 0 0.998 1 1 1 0.02573 0.9997 -0.004075 0.2908 -0.01139 -0.9567 -0.9564 0.02343 -0.291
		-1 2.32 0 0 1 1 1 1 0.02573 0.9997 -0.004075 0.2908 -0.01139 -0.9567 -0.9564 0.02343 -0.291
		-0.9511 2.32 0.309 0.1 1 1 1 1 0.02321 0.9997 -0.01183 0.7976 -0.01139 0.6031 0.6027 -0.02343 -0.7976
		-0.6934 2.317 0.5038 0.2 0.998 1 1 1 0.02321 0.9997 -0.01183 0.7976 -0.01139 0.6031 0.6027 -0.02343 -0.7976
		-0.8152 2.317 0.2649 0.1 0.998 1 1 1 0.02321 0.9997 -0.01183 0.7976 -0.01139 0.6031 0.6027 -0.02343 -0.7976
		-0.6934 2.317 0.5038 0.2 0.998 1 1 1 0.02321 0.9997 -0.01183 -0.7976 0.01139 -0.6031 -0.6027 0.02343 0.7976
		-0.9511 2.32 0.309 0.1 1 1 1 1 0.02321 0.9997 -0.01183 -0.7976 0.01139 -0.6031 -0.6027 0.02343 0.7976
		-0.809 2.32 0.5878 0.2 1 1 1 1 0.02321 0.9997 -0.01183 -0.7976 0.01139 -0.6031 -0.6027 0.02343 0.7976
		-0.5038 2.317 0.6934 0.3 0.998 1 1 1 0.01842 0.9997 -0.01842 -0.7071 0 -0.7071 -0.7069 0.02605 0.7069
		-0.6934 2.317 0.5038 0.2 0.998 1 1 1 0.01842 0.9997 -0.01842 -0.7071 0 -0.7071 -0.7069 0.02605 0.7069
		-0.809 2.32 0.5878 0.2 1 1 1 1 0.01842 0.9997 -0.01842 -0.7071 0 -0.7071 -0.7069 0.02605 0.7069
		-0.809 2.32 0.5878 0.2 1 1 1 1 0.01842 0.9997 -0.01842 0.7071 0 0.7071 0.7069 -0.02605 -0.7069
		-0.5878 2.32 0.809 0.3 1 1 1 1 0.01842 0.9997 -0.01842 0.7071 0 0.7071 0.7069 -0.02605 -0.7069
		-0.5038 2.317 0.6934 0.3 0.998 1 1 1 0.01842 0.9997 -0.01842 0.7071 0 0.7071 0.7069 -0.02605 -0.7069
		-0.2649 2.317 0.8152 0.4 0.998 1 1 1 0.01183 0.9997 -0.02321 -0.891 0 -0.454 -0.4538 0.02605 0.8907
		-0.5038 2.317 0.6934 0.3 0.998 1 1 1 0.01183 0.9997 -0.02321 -0.891 0 -0.454 -0.4538 0.02605 0.8907
		-0.5878 2.32 0.809 0.3 1 1 1 1 0.01183 0.9997 -0.02321 -0.891 0 -0.454 -0.4538 0.02605 0.8907
		-0.5878 2.32 0.809 0.3 1 1 1 1 0.01183 0.9997 -0.02321 0.891 0 0.454 0.4538 -0.02605 -0.8907
		-0.309 2.32 0.9511 0.4 1 1 1 1 0.01183 0.9997 -0.02321 0.891 0 0.454 0.4538 -0.02605 -0.8907
		-0.2649 2.317 0.8152 0.4 0.998 1 1 1 0.01183 0.9997 -0.02321 0.891 0 0.454 0.4538 -0.02605 -0.8907
		0 2.32 1 0.5 1 1 1 1 0.004075 0.9997 -0.02573 -0.82 -0.01139 -0.5722 -0.5723 0.02343 0.8197
		-0.2649 2.317 0.8152 0.4 0.998 1 1 1 0.004075 0.9997 -0.02573 -0.82 -0.01139 -0.5722 -0.5723 0.02343 0.8197
		-0.309 2.32 0.9511 0.4 1 1 1 1 0.004075 0.9997 -0.02573 -0.82 -0.01139 -0.5722 -0.5723 0.02343 0.8197
		-0.2649 2.317 0.8152 0.4 0.998 1 1 1 0.004075 0.9997 -0.02573 0.82 0.01139 0.5722 0.5723 -0.02343 -0.8197
		0 2.32 1 0.5 1 1 1 1 0.004075 0.9997 -0.02573 0.82 0.01139 0.5722 0.5723 -0.02343 -0.8197
		0 2.317 0.8571 0.5 0.998 1 1 1 0.004075 0.9997 -0.02573 0.82 0.01139 0.5722 0.5723 -0.02343 -0.8197
		0.309 2.32 0.9511 0.6 1 1 1 1 -0.004075 0.9997 -0.02573 -0.9567 -0.01139 -0.2908 -0.291 0.02343 0.9564
		0 2.317 0.8571 0.5 0.998 1 1 1 -0.004075 0.9997 -0.02573 -0.9567 -0.01139 -0.2908 -0.291 0.02343 0.9564
		0 2.32 1 0.5 1 1 1 1 -0.004075 0.9997 -0.02573 -0.9567 -0.01139 -0.2908 -0.291 0.02343 0.9564
		0 2.317 0.8571 0.5 0.998 1 1 1 -0.004075 0.9997 -0.02573 0.9567 0.01139 0.2908 0.291 -0.02343 -0.9564
		0.309 2.32 0.9511 0.6 1 1 1 1 -0.004075 0.9997 -0.02573 0.9567 0.01139 0.2908 0.291 -0.02343 -0.9564
		0.2649 2.317 0.8152 0.6 0.998 1 1 1 -0.004075 0.9997 -0.02573 0.9567 0.01139 0.2908 0.291 -0.02343 -0.9564
		0.5878 2.32 0.809 0.7 1 1 1 1 -0.01183 0.9997 -0.02321 -0.9998 -0.01139 0.01906 0.01879 0.02343 0.9995
		0.2649 2.317 0.8152 0.6 0.998 1 1 1 -0.01183 0.9997 -0.02321 -0.9998 -0.01139 0.01906 0.01879 0.02343 0.9995
		0.309 2.32 0.9511 0.6 1 1 1 1 -0.01183 0.9997 -0.02321 -0.9998 -0.01139 0.01906 0.01879 0.02343 0.9995
		0.2649 2.317 0.8152 0.6 0.998 1 1 1 -0.01183 0.9997 -0.02321 0.9998 0.01139 -0.01906 -0.01879 -0.02343 -0.9995
		0.5878 2.32 0.809 0.7 1 1 1 1 -0.01183 0.9997 -0.02321 0.9998 0.01139 -0.01906 -0.01879 -0.02343 -0.9995
		0.5038 2.317 0.6934 0.7 0.998 1 1 1 -0.01183 0.9997 -0.02321 0.9998 0.01139 -0.01906 -0.01879 -0.02343 -0.9995
		0.5038 2.317 0.6934 0.7 0.998 1 1 1 -0.01842 0.9997 -0.01842 0.9449 0.01139 -0.3271 -0.3267 -0.02343 -0.9448
		0.809 2.32 0.5878 0.8 1 1 1 1 -0.01842 0.9997 -0.01842 0.9449 0.01139 -0.3271 -0.3267 -0.02343 -0.9448
		0.6934 2.317 0.5038 0.8 0.998 1 1 1 -0.01842 0.9997 -0.01842 0.9449 0.01139 -0.3271 -0.3267 -0.02343 -0.9448
		0.809 2.32 0.5878 0.8 1 1 1 1 -0.01842 0.9997 -0.01842 -0.9449 -0.01139 0.3271 0.3267 0.02343 0.9448
		0.5038 2.317 0.6934 0.7 0.998 1 1 1 -0.01842 0.9997 -0.01842 -0.9449 -0.01139 0.3271 0.3267 0.02343 0.9448
		0.5878 2.32 0.809 0.7 1 1 1 1 -0.01842 0.9997 -0.01842 -0.9449 -0.01139 0.3271 0.3267 0.02343 0.9448
		0.6934 2.317 0.5038 0.8 0.998 1 1 1 -0.02321 0.9997 -0.01183 0.7976 0.01139 -0.6031 -0.6027 -0.02343 -0.7976
		0.9511 2.32 0.309 0.9 1 1 1 1 -0.02321 0.9997 -0.01183 0.7976 0.01139 -0.6031 -0.6027 -0.02343 -0.7976
		0.8152 2.317 0.2649 0.9 0.998 1 1 1 -0.02321 0.9997 -0.01183 0.7976 0.01139 -0.6031 -0.6027 -0.02343 -0.7976
		0.9511 2.32 0.309 0.9 1 1 1 1 -0.02321 0.9997 -0.01183 -0.7976 -0.01139 0.6031 0.6027 0.02343 0.7976
		0.6934 2.317 0.5038 0.8 0.998 1 1 1 -0.02321 0.9997 -0.01183 -0.7976 -0.01139 0.6031 0.6027 0.02343 0.7976
		0.809 2.32 0.5878 0.8 1 1 1 1 -0.02321 0.9997 -0.01183 -0.7976 -0.01139 0.6031 0.6027 0.02343 0.7976
		0.8152 2.317 0.2649 0.9 0.998 1 1 1 -0.02573 0.9997 -0.004076 0.5722 0.01139 -0.82 -0.8197 -0.02343 -0.5723
		1 2.32 0 1 1 1 1 1 -0.02573 0.9997 -0.004076 0.5722 0.01139 -0.82 -0.8197 -0.02343 -0.5723
		0.8571 2.317 0 1 0.998 1 1 1 -0.02573 0.9997 -0.004076 0.5722 0.01139 -0.82 -0.8197 -0.02343 -0.5723
		1 2.32 0 1 1 1 1 1 -0.02573 0.9997 -0.004076 -0.5722 -0.01139 0.82 0.8197 0.02343 0.5723
		0.8152 2.317 0.2649 0.9 0.998 1 1 1 -0.02573 0.9997 -0.004076 -0.5722 -0.01139 0.82 0.8197 0.02343 0.5723
		0.9511 2.32 0.309 0.9 1 1 1 1 -0.02573 0.9997 -0.004076 -0.5722 -0.01139 0.82 0.8197 0.02343 0.5723
		0.9511 2.32 -0.309 1.1 1 1 1 1 -0.02573 0.9997 0.004075 -0.2908 -0.01139 0.9567 0.9564 0.02343 0.291
		0.8571 2.317 0 1 0.998 1 1 1 -0.02573 0.9997 0.004075 -0.2908 -0.01139 0.9567 0.9564 0.02343 0.291
		1 2.32 0 1 1 1 1 1 -0.02573 0.9997 0.004075 -0.2908 -0.01139 0.9567 0.9564 0.02343 0.291
		0.8571 2.317 0 1 0.998 1 1 1 -0.02573 0.9997 0.004075 0.2908 0.01139 -0.9567 -0.9564 -0.02343 -0.291
